# name: debug
# type: sparse matrix
# nnz: 2844
# rows: 222
# columns: 222

1 1 0
2 1 0
3 1 0
4 1 0
5 1 0
6 1 0
7 1 0
8 1 0
9 1 0
10 1 0
11 1 0
12 1 0
13 1 0
14 1 0
15 1 0
16 1 0
17 1 0
18 1 0
19 1 0
20 1 0
21 1 0
22 1 0
23 1 0
24 1 0
25 1 0
26 1 0
27 1 0
28 1 0
29 1 0
30 1 0
31 1 0
32 1 0
33 1 0
34 1 0
35 1 0
36 1 0
37 1 0
38 1 0
39 1 0
40 1 0
41 1 0
42 1 0
43 1 0
44 1 0
45 1 0
46 1 0
47 1 0
48 1 0
49 1 0
50 1 0
51 1 0
52 1 0
53 1 0
54 1 0
55 1 0
56 1 0
57 1 0
58 1 0
59 1 0
60 1 0
61 1 0
62 1 0
63 1 0
64 1 0
65 1 0
66 1 0
67 1 0
68 1 0
69 1 0
70 1 0
71 1 0
72 1 0
73 1 0
74 1 0
75 1 0
76 1 0
77 1 0
78 1 0
79 1 0
80 1 0
81 1 0
82 1 0
83 1 0
84 1 0
85 1 0
86 1 0
87 1 0
88 1 0
89 1 0
90 1 0
91 1 0
92 1 0
93 1 0
94 1 0
95 1 0
96 1 0
97 1 0
98 1 0
99 1 0
100 1 0
101 1 0
102 1 0
103 1 0
104 1 0
105 1 0
106 1 0
107 1 0
108 1 0
109 1 0
110 1 0
111 1 0
112 1 0
113 1 0
114 1 0
115 1 0
116 1 0
117 1 0
118 1 0
119 1 0
120 1 0
121 1 0
122 1 0
123 1 0
124 1 0
125 1 0
126 1 0
127 1 0
128 1 0
129 1 0
130 1 0
131 1 0
132 1 0
133 1 0
134 1 0
135 1 0
136 1 0
137 1 0
138 1 0
139 1 0
140 1 0
141 1 0
142 1 0
143 1 0
144 1 0
145 1 0
146 1 0
147 1 0
148 1 0
149 1 0
150 1 0
151 1 0
152 1 0
153 1 0
154 1 0
155 1 0
156 1 0
157 1 0
158 1 0
159 1 0
160 1 0
161 1 0
162 1 0
163 1 0
164 1 0
165 1 0
166 1 0
167 1 0
168 1 0
169 1 0
170 1 0
171 1 0
172 1 0
173 1 0
174 1 0
175 1 0
176 1 0
177 1 0
178 1 0
179 1 0
180 1 0
181 1 0
182 1 0
183 1 0
184 1 0
185 1 0
186 1 0
187 1 0
188 1 0
189 1 0
190 1 0
191 1 0
192 1 0
193 1 0
194 1 0
195 1 0
196 1 0
197 1 0
198 1 0
199 1 0
200 1 0
201 1 0
202 1 0
203 1 0
204 1 0
205 1 0
206 1 0
207 1 0
208 1 0
209 1 0
210 1 0
211 1 0
212 1 0
213 1 0
214 1 0
215 1 0
216 1 0
217 1 0
218 1 0
219 1 0
220 1 0
221 1 0
222 1 0
1 2 0
2 2 0
3 2 0
4 2 0
5 2 0
6 2 0
7 2 0
8 2 0
9 2 0
10 2 0
11 2 0
12 2 0
13 2 0
14 2 0
15 2 0
16 2 0
17 2 0
18 2 0
19 2 0
20 2 0
21 2 0
22 2 0
23 2 0
24 2 0
25 2 0
26 2 0
27 2 0
28 2 0
29 2 0
30 2 0
31 2 0
32 2 0
33 2 0
34 2 0
35 2 0
36 2 0
37 2 0
38 2 0
39 2 0
40 2 0
41 2 0
42 2 0
43 2 0
44 2 0
45 2 0
46 2 0
47 2 0
48 2 0
49 2 0
50 2 0
51 2 0
52 2 0
53 2 0
54 2 0
55 2 0
56 2 0
57 2 0
58 2 0
59 2 0
60 2 0
61 2 0
62 2 0
63 2 0
64 2 0
65 2 0
66 2 0
67 2 0
68 2 0
69 2 0
70 2 0
71 2 0
72 2 0
73 2 0
74 2 0
75 2 0
76 2 0
77 2 0
78 2 0
79 2 0
80 2 0
81 2 0
82 2 0
83 2 0
84 2 0
85 2 0
86 2 0
87 2 0
88 2 0
89 2 0
90 2 0
91 2 0
92 2 0
93 2 0
94 2 0
95 2 0
96 2 0
97 2 0
98 2 0
99 2 0
100 2 0
101 2 0
102 2 0
103 2 0
104 2 0
105 2 0
106 2 0
107 2 0
108 2 0
109 2 0
110 2 0
111 2 0
112 2 0
113 2 0
114 2 0
115 2 0
116 2 0
117 2 0
118 2 0
119 2 0
120 2 0
121 2 0
122 2 0
123 2 0
124 2 0
125 2 0
126 2 0
127 2 0
128 2 0
129 2 0
130 2 0
131 2 0
132 2 0
133 2 0
134 2 0
135 2 0
136 2 0
137 2 0
138 2 0
139 2 0
140 2 0
141 2 0
142 2 0
143 2 0
144 2 0
145 2 0
146 2 0
147 2 0
148 2 0
149 2 0
150 2 0
151 2 0
152 2 0
153 2 0
154 2 0
155 2 0
156 2 0
157 2 0
158 2 0
159 2 0
160 2 0
161 2 0
162 2 0
163 2 0
164 2 0
165 2 0
166 2 0
167 2 0
168 2 0
169 2 0
170 2 0
171 2 0
172 2 0
173 2 0
174 2 0
175 2 0
176 2 0
177 2 0
178 2 0
179 2 0
180 2 0
181 2 0
182 2 0
183 2 0
184 2 0
185 2 0
186 2 0
187 2 0
188 2 0
189 2 0
190 2 0
191 2 0
192 2 0
193 2 0
194 2 0
195 2 0
196 2 0
197 2 0
198 2 0
199 2 0
200 2 0
201 2 0
202 2 0
203 2 0
204 2 0
205 2 0
206 2 0
207 2 0
208 2 0
209 2 0
210 2 0
211 2 0
212 2 0
213 2 0
214 2 0
215 2 0
216 2 0
217 2 0
218 2 0
219 2 0
220 2 0
221 2 0
222 2 0
1 3 0
2 3 0
3 3 0
4 3 0
5 3 0
6 3 0
7 3 0
8 3 0
9 3 0
10 3 0
11 3 0
12 3 0
13 3 0
14 3 0
15 3 0
16 3 0
17 3 0
18 3 0
19 3 0
20 3 0
21 3 0
22 3 0
23 3 0
24 3 0
25 3 0
26 3 0
27 3 0
28 3 0
29 3 0
30 3 0
31 3 0
32 3 0
33 3 0
34 3 0
35 3 0
36 3 0
37 3 0
38 3 0
39 3 0
40 3 0
41 3 0
42 3 0
43 3 0
44 3 0
45 3 0
46 3 0
47 3 0
48 3 0
49 3 0
50 3 0
51 3 0
52 3 0
53 3 0
54 3 0
55 3 0
56 3 0
57 3 0
58 3 0
59 3 0
60 3 0
61 3 0
62 3 0
63 3 0
64 3 0
65 3 0
66 3 0
67 3 0
68 3 0
69 3 0
70 3 0
71 3 0
72 3 0
73 3 0
74 3 0
75 3 0
76 3 0
77 3 0
78 3 0
79 3 0
80 3 0
81 3 0
82 3 0
83 3 0
84 3 0
85 3 0
86 3 0
87 3 0
88 3 0
89 3 0
90 3 0
91 3 0
92 3 0
93 3 0
94 3 0
95 3 0
96 3 0
97 3 0
98 3 0
99 3 0
100 3 0
101 3 0
102 3 0
103 3 0
104 3 0
105 3 0
106 3 0
107 3 0
108 3 0
109 3 0
110 3 0
111 3 0
112 3 0
113 3 0
114 3 0
115 3 0
116 3 0
117 3 0
118 3 0
119 3 0
120 3 0
121 3 0
122 3 0
123 3 0
124 3 0
125 3 0
126 3 0
127 3 0
128 3 0
129 3 0
130 3 0
131 3 0
132 3 0
133 3 0
134 3 0
135 3 0
136 3 0
137 3 0
138 3 0
139 3 0
140 3 0
141 3 0
142 3 0
143 3 0
144 3 0
145 3 0
146 3 0
147 3 0
148 3 0
149 3 0
150 3 0
151 3 0
152 3 0
153 3 0
154 3 0
155 3 0
156 3 0
157 3 0
158 3 0
159 3 0
160 3 0
161 3 0
162 3 0
163 3 0
164 3 0
165 3 0
166 3 0
167 3 0
168 3 0
169 3 0
170 3 0
171 3 0
172 3 0
173 3 0
174 3 0
175 3 0
176 3 0
177 3 0
178 3 0
179 3 0
180 3 0
181 3 0
182 3 0
183 3 0
184 3 0
185 3 0
186 3 0
187 3 0
188 3 0
189 3 0
190 3 0
191 3 0
192 3 0
193 3 0
194 3 0
195 3 0
196 3 0
197 3 0
198 3 0
199 3 0
200 3 0
201 3 0
202 3 0
203 3 0
204 3 0
205 3 0
206 3 0
207 3 0
208 3 0
209 3 0
210 3 0
211 3 0
212 3 0
213 3 0
214 3 0
215 3 0
216 3 0
217 3 0
218 3 0
219 3 0
220 3 0
221 3 0
222 3 0
1 4 0
2 4 0
3 4 0
4 4 0
5 4 0
6 4 0
7 4 0
8 4 0
9 4 0
10 4 0
11 4 0
12 4 0
13 4 0
14 4 0
15 4 0
16 4 0
17 4 0
18 4 0
19 4 0
20 4 0
21 4 0
22 4 0
23 4 0
24 4 0
25 4 0
26 4 0
27 4 0
28 4 0
29 4 0
30 4 0
31 4 0
32 4 0
33 4 0
34 4 0
35 4 0
36 4 0
37 4 0
38 4 0
39 4 0
40 4 0
41 4 0
42 4 0
43 4 0
44 4 0
45 4 0
46 4 0
47 4 0
48 4 0
49 4 0
50 4 0
51 4 0
52 4 0
53 4 0
54 4 0
55 4 0
56 4 0
57 4 0
58 4 0
59 4 0
60 4 0
61 4 0
62 4 0
63 4 0
64 4 0
65 4 0
66 4 0
67 4 0
68 4 0
69 4 0
70 4 0
71 4 0
72 4 0
73 4 0
74 4 0
75 4 0
76 4 0
77 4 0
78 4 0
79 4 0
80 4 0
81 4 0
82 4 0
83 4 0
84 4 0
85 4 0
86 4 0
87 4 0
88 4 0
89 4 0
90 4 0
91 4 0
92 4 0
93 4 0
94 4 0
95 4 0
96 4 0
97 4 0
98 4 0
99 4 0
100 4 0
101 4 0
102 4 0
103 4 0
104 4 0
105 4 0
106 4 0
107 4 0
108 4 0
109 4 0
110 4 0
111 4 0
112 4 0
113 4 0
114 4 0
115 4 0
116 4 0
117 4 0
118 4 0
119 4 0
120 4 0
121 4 0
122 4 0
123 4 0
124 4 0
125 4 0
126 4 0
127 4 0
128 4 0
129 4 0
130 4 0
131 4 0
132 4 0
133 4 0
134 4 0
135 4 0
136 4 0
137 4 0
138 4 0
139 4 0
140 4 0
141 4 0
142 4 0
143 4 0
144 4 0
145 4 0
146 4 0
147 4 0
148 4 0
149 4 0
150 4 0
151 4 0
152 4 0
153 4 0
154 4 0
155 4 0
156 4 0
157 4 0
158 4 0
159 4 0
160 4 0
161 4 0
162 4 0
163 4 0
164 4 0
165 4 0
166 4 0
167 4 0
168 4 0
169 4 0
170 4 0
171 4 0
172 4 0
173 4 0
174 4 0
175 4 0
176 4 0
177 4 0
178 4 0
179 4 0
180 4 0
181 4 0
182 4 0
183 4 0
184 4 0
185 4 0
186 4 0
187 4 0
188 4 0
189 4 0
190 4 0
191 4 0
192 4 0
193 4 0
194 4 0
195 4 0
196 4 0
197 4 0
198 4 0
199 4 0
200 4 0
201 4 0
202 4 0
203 4 0
204 4 0
205 4 0
206 4 0
207 4 0
208 4 0
209 4 0
210 4 0
211 4 0
212 4 0
213 4 0
214 4 0
215 4 0
216 4 0
217 4 0
218 4 0
219 4 0
220 4 0
221 4 0
222 4 0
1 5 0
2 5 0
3 5 0
4 5 0
5 5 0
6 5 0
7 5 0
8 5 0
9 5 0
10 5 0
11 5 0
12 5 0
13 5 0
14 5 0
15 5 0
16 5 0
17 5 0
18 5 0
19 5 0
20 5 0
21 5 0
22 5 0
23 5 0
24 5 0
25 5 0
26 5 0
27 5 0
28 5 0
29 5 0
30 5 0
31 5 0
32 5 0
33 5 0
34 5 0
35 5 0
36 5 0
37 5 0
38 5 0
39 5 0
40 5 0
41 5 0
42 5 0
43 5 0
44 5 0
45 5 0
46 5 0
47 5 0
48 5 0
49 5 0
50 5 0
51 5 0
52 5 0
53 5 0
54 5 0
55 5 0
56 5 0
57 5 0
58 5 0
59 5 0
60 5 0
61 5 0
62 5 0
63 5 0
64 5 0
65 5 0
66 5 0
67 5 0
68 5 0
69 5 0
70 5 0
71 5 0
72 5 0
73 5 0
74 5 0
75 5 0
76 5 0
77 5 0
78 5 0
79 5 0
80 5 0
81 5 0
82 5 0
83 5 0
84 5 0
85 5 0
86 5 0
87 5 0
88 5 0
89 5 0
90 5 0
91 5 0
92 5 0
93 5 0
94 5 0
95 5 0
96 5 0
97 5 0
98 5 0
99 5 0
100 5 0
101 5 0
102 5 0
103 5 0
104 5 0
105 5 0
106 5 0
107 5 0
108 5 0
109 5 0
110 5 0
111 5 0
112 5 0
113 5 0
114 5 0
115 5 0
116 5 0
117 5 0
118 5 0
119 5 0
120 5 0
121 5 0
122 5 0
123 5 0
124 5 0
125 5 0
126 5 0
127 5 0
128 5 0
129 5 0
130 5 0
131 5 0
132 5 0
133 5 0
134 5 0
135 5 0
136 5 0
137 5 0
138 5 0
139 5 0
140 5 0
141 5 0
142 5 0
143 5 0
144 5 0
145 5 0
146 5 0
147 5 0
148 5 0
149 5 0
150 5 0
151 5 0
152 5 0
153 5 0
154 5 0
155 5 0
156 5 0
157 5 0
158 5 0
159 5 0
160 5 0
161 5 0
162 5 0
163 5 0
164 5 0
165 5 0
166 5 0
167 5 0
168 5 0
169 5 0
170 5 0
171 5 0
172 5 0
173 5 0
174 5 0
175 5 0
176 5 0
177 5 0
178 5 0
179 5 0
180 5 0
181 5 0
182 5 0
183 5 0
184 5 0
185 5 0
186 5 0
187 5 0
188 5 0
189 5 0
190 5 0
191 5 0
192 5 0
193 5 0
194 5 0
195 5 0
196 5 0
197 5 0
198 5 0
199 5 0
200 5 0
201 5 0
202 5 0
203 5 0
204 5 0
205 5 0
206 5 0
207 5 0
208 5 0
209 5 0
210 5 0
211 5 0
212 5 0
213 5 0
214 5 0
215 5 0
216 5 0
217 5 0
218 5 0
219 5 0
220 5 0
221 5 0
222 5 0
1 6 0
2 6 0
3 6 0
4 6 0
5 6 0
6 6 0
7 6 0
8 6 0
9 6 0
10 6 0
11 6 0
12 6 0
13 6 0
14 6 0
15 6 0
16 6 0
17 6 0
18 6 0
19 6 0
20 6 0
21 6 0
22 6 0
23 6 0
24 6 0
25 6 0
26 6 0
27 6 0
28 6 0
29 6 0
30 6 0
31 6 0
32 6 0
33 6 0
34 6 0
35 6 0
36 6 0
37 6 0
38 6 0
39 6 0
40 6 0
41 6 0
42 6 0
43 6 0
44 6 0
45 6 0
46 6 0
47 6 0
48 6 0
49 6 0
50 6 0
51 6 0
52 6 0
53 6 0
54 6 0
55 6 0
56 6 0
57 6 0
58 6 0
59 6 0
60 6 0
61 6 0
62 6 0
63 6 0
64 6 0
65 6 0
66 6 0
67 6 0
68 6 0
69 6 0
70 6 0
71 6 0
72 6 0
73 6 0
74 6 0
75 6 0
76 6 0
77 6 0
78 6 0
79 6 0
80 6 0
81 6 0
82 6 0
83 6 0
84 6 0
85 6 0
86 6 0
87 6 0
88 6 0
89 6 0
90 6 0
91 6 0
92 6 0
93 6 0
94 6 0
95 6 0
96 6 0
97 6 0
98 6 0
99 6 0
100 6 0
101 6 0
102 6 0
103 6 0
104 6 0
105 6 0
106 6 0
107 6 0
108 6 0
109 6 0
110 6 0
111 6 0
112 6 0
113 6 0
114 6 0
115 6 0
116 6 0
117 6 0
118 6 0
119 6 0
120 6 0
121 6 0
122 6 0
123 6 0
124 6 0
125 6 0
126 6 0
127 6 0
128 6 0
129 6 0
130 6 0
131 6 0
132 6 0
133 6 0
134 6 0
135 6 0
136 6 0
137 6 0
138 6 0
139 6 0
140 6 0
141 6 0
142 6 0
143 6 0
144 6 0
145 6 0
146 6 0
147 6 0
148 6 0
149 6 0
150 6 0
151 6 0
152 6 0
153 6 0
154 6 0
155 6 0
156 6 0
157 6 0
158 6 0
159 6 0
160 6 0
161 6 0
162 6 0
163 6 0
164 6 0
165 6 0
166 6 0
167 6 0
168 6 0
169 6 0
170 6 0
171 6 0
172 6 0
173 6 0
174 6 0
175 6 0
176 6 0
177 6 0
178 6 0
179 6 0
180 6 0
181 6 0
182 6 0
183 6 0
184 6 0
185 6 0
186 6 0
187 6 0
188 6 0
189 6 0
190 6 0
191 6 0
192 6 0
193 6 0
194 6 0
195 6 0
196 6 0
197 6 0
198 6 0
199 6 0
200 6 0
201 6 0
202 6 0
203 6 0
204 6 0
205 6 0
206 6 0
207 6 0
208 6 0
209 6 0
210 6 0
211 6 0
212 6 0
213 6 0
214 6 0
215 6 0
216 6 0
217 6 0
218 6 0
219 6 0
220 6 0
221 6 0
222 6 0
1 7 0
2 7 0
3 7 0
4 7 0
5 7 0
6 7 0
7 7 0
1 8 0
2 8 0
3 8 0
4 8 0
5 8 0
6 8 0
8 8 0
1 9 0
2 9 0
3 9 0
4 9 0
5 9 0
6 9 0
9 9 0
1 10 0
2 10 0
3 10 0
4 10 0
5 10 0
6 10 0
10 10 0
1 11 0
2 11 0
3 11 0
4 11 0
5 11 0
6 11 0
11 11 0
1 12 0
2 12 0
3 12 0
4 12 0
5 12 0
6 12 0
12 12 0
1 13 0
2 13 0
3 13 0
4 13 0
5 13 0
6 13 0
13 13 0
1 14 0
2 14 0
3 14 0
4 14 0
5 14 0
6 14 0
14 14 0
1 15 0
2 15 0
3 15 0
4 15 0
5 15 0
6 15 0
15 15 0
1 16 0
2 16 0
3 16 0
4 16 0
5 16 0
6 16 0
16 16 0
1 17 0
2 17 0
3 17 0
4 17 0
5 17 0
6 17 0
17 17 0
1 18 0
2 18 0
3 18 0
4 18 0
5 18 0
6 18 0
18 18 0
1 19 0
2 19 0
3 19 0
4 19 0
5 19 0
6 19 0
19 19 0
1 20 0
2 20 0
3 20 0
4 20 0
5 20 0
6 20 0
20 20 0
1 21 0
2 21 0
3 21 0
4 21 0
5 21 0
6 21 0
21 21 0
1 22 0
2 22 0
3 22 0
4 22 0
5 22 0
6 22 0
22 22 0
1 23 0
2 23 0
3 23 0
4 23 0
5 23 0
6 23 0
23 23 0
1 24 0
2 24 0
3 24 0
4 24 0
5 24 0
6 24 0
24 24 0
1 25 0
2 25 0
3 25 0
4 25 0
5 25 0
6 25 0
25 25 0
1 26 0
2 26 0
3 26 0
4 26 0
5 26 0
6 26 0
26 26 0
1 27 0
2 27 0
3 27 0
4 27 0
5 27 0
6 27 0
27 27 0
1 28 0
2 28 0
3 28 0
4 28 0
5 28 0
6 28 0
28 28 0
1 29 0
2 29 0
3 29 0
4 29 0
5 29 0
6 29 0
29 29 0
1 30 0
2 30 0
3 30 0
4 30 0
5 30 0
6 30 0
30 30 0
1 31 0
2 31 0
3 31 0
4 31 0
5 31 0
6 31 0
31 31 0
1 32 0
2 32 0
3 32 0
4 32 0
5 32 0
6 32 0
32 32 0
1 33 0
2 33 0
3 33 0
4 33 0
5 33 0
6 33 0
33 33 0
1 34 0
2 34 0
3 34 0
4 34 0
5 34 0
6 34 0
34 34 0
1 35 0
2 35 0
3 35 0
4 35 0
5 35 0
6 35 0
35 35 0
1 36 0
2 36 0
3 36 0
4 36 0
5 36 0
6 36 0
36 36 0
1 37 0
2 37 0
3 37 0
4 37 0
5 37 0
6 37 0
37 37 0
1 38 0
2 38 0
3 38 0
4 38 0
5 38 0
6 38 0
38 38 0
1 39 0
2 39 0
3 39 0
4 39 0
5 39 0
6 39 0
39 39 0
1 40 0
2 40 0
3 40 0
4 40 0
5 40 0
6 40 0
40 40 0
1 41 0
2 41 0
3 41 0
4 41 0
5 41 0
6 41 0
41 41 0
1 42 0
2 42 0
3 42 0
4 42 0
5 42 0
6 42 0
42 42 0
1 43 0
2 43 0
3 43 0
4 43 0
5 43 0
6 43 0
43 43 0
1 44 0
2 44 0
3 44 0
4 44 0
5 44 0
6 44 0
44 44 0
1 45 0
2 45 0
3 45 0
4 45 0
5 45 0
6 45 0
45 45 0
1 46 0
2 46 0
3 46 0
4 46 0
5 46 0
6 46 0
46 46 0
1 47 0
2 47 0
3 47 0
4 47 0
5 47 0
6 47 0
47 47 0
1 48 0
2 48 0
3 48 0
4 48 0
5 48 0
6 48 0
48 48 0
1 49 0
2 49 0
3 49 0
4 49 0
5 49 0
6 49 0
49 49 0
1 50 0
2 50 0
3 50 0
4 50 0
5 50 0
6 50 0
50 50 0
1 51 0
2 51 0
3 51 0
4 51 0
5 51 0
6 51 0
51 51 0
1 52 0
2 52 0
3 52 0
4 52 0
5 52 0
6 52 0
52 52 0
1 53 0
2 53 0
3 53 0
4 53 0
5 53 0
6 53 0
53 53 0
1 54 0
2 54 0
3 54 0
4 54 0
5 54 0
6 54 0
54 54 0
1 55 0
2 55 0
3 55 0
4 55 0
5 55 0
6 55 0
55 55 0
1 56 0
2 56 0
3 56 0
4 56 0
5 56 0
6 56 0
56 56 0
1 57 0
2 57 0
3 57 0
4 57 0
5 57 0
6 57 0
57 57 0
1 58 0
2 58 0
3 58 0
4 58 0
5 58 0
6 58 0
58 58 0
1 59 0
2 59 0
3 59 0
4 59 0
5 59 0
6 59 0
59 59 0
1 60 0
2 60 0
3 60 0
4 60 0
5 60 0
6 60 0
60 60 0
1 61 0
2 61 0
3 61 0
4 61 0
5 61 0
6 61 0
61 61 0
1 62 0
2 62 0
3 62 0
4 62 0
5 62 0
6 62 0
62 62 0
1 63 0
2 63 0
3 63 0
4 63 0
5 63 0
6 63 0
63 63 0
1 64 0
2 64 0
3 64 0
4 64 0
5 64 0
6 64 0
64 64 0
1 65 0
2 65 0
3 65 0
4 65 0
5 65 0
6 65 0
65 65 0
1 66 0
2 66 0
3 66 0
4 66 0
5 66 0
6 66 0
66 66 0
1 67 0
2 67 0
3 67 0
4 67 0
5 67 0
6 67 0
67 67 0
1 68 0
2 68 0
3 68 0
4 68 0
5 68 0
6 68 0
68 68 0
1 69 0
2 69 0
3 69 0
4 69 0
5 69 0
6 69 0
69 69 0
1 70 0
2 70 0
3 70 0
4 70 0
5 70 0
6 70 0
70 70 0
1 71 0
2 71 0
3 71 0
4 71 0
5 71 0
6 71 0
71 71 0
1 72 0
2 72 0
3 72 0
4 72 0
5 72 0
6 72 0
72 72 0
1 73 0
2 73 0
3 73 0
4 73 0
5 73 0
6 73 0
73 73 0
1 74 0
2 74 0
3 74 0
4 74 0
5 74 0
6 74 0
74 74 0
1 75 0
2 75 0
3 75 0
4 75 0
5 75 0
6 75 0
75 75 0
1 76 0
2 76 0
3 76 0
4 76 0
5 76 0
6 76 0
76 76 0
1 77 0
2 77 0
3 77 0
4 77 0
5 77 0
6 77 0
77 77 0
1 78 0
2 78 0
3 78 0
4 78 0
5 78 0
6 78 0
78 78 0
1 79 0
2 79 0
3 79 0
4 79 0
5 79 0
6 79 0
79 79 0
1 80 0
2 80 0
3 80 0
4 80 0
5 80 0
6 80 0
80 80 0
1 81 0
2 81 0
3 81 0
4 81 0
5 81 0
6 81 0
81 81 0
1 82 0
2 82 0
3 82 0
4 82 0
5 82 0
6 82 0
82 82 0
1 83 0
2 83 0
3 83 0
4 83 0
5 83 0
6 83 0
83 83 0
1 84 0
2 84 0
3 84 0
4 84 0
5 84 0
6 84 0
84 84 0
1 85 0
2 85 0
3 85 0
4 85 0
5 85 0
6 85 0
85 85 0
1 86 0
2 86 0
3 86 0
4 86 0
5 86 0
6 86 0
86 86 0
1 87 0
2 87 0
3 87 0
4 87 0
5 87 0
6 87 0
87 87 0
1 88 0
2 88 0
3 88 0
4 88 0
5 88 0
6 88 0
88 88 0
1 89 0
2 89 0
3 89 0
4 89 0
5 89 0
6 89 0
89 89 0
1 90 0
2 90 0
3 90 0
4 90 0
5 90 0
6 90 0
90 90 0
1 91 0
2 91 0
3 91 0
4 91 0
5 91 0
6 91 0
91 91 0
1 92 0
2 92 0
3 92 0
4 92 0
5 92 0
6 92 0
92 92 0
1 93 0
2 93 0
3 93 0
4 93 0
5 93 0
6 93 0
93 93 0
1 94 0
2 94 0
3 94 0
4 94 0
5 94 0
6 94 0
94 94 0
1 95 0
2 95 0
3 95 0
4 95 0
5 95 0
6 95 0
95 95 0
1 96 0
2 96 0
3 96 0
4 96 0
5 96 0
6 96 0
96 96 0
1 97 0
2 97 0
3 97 0
4 97 0
5 97 0
6 97 0
97 97 0
1 98 0
2 98 0
3 98 0
4 98 0
5 98 0
6 98 0
98 98 0
1 99 0
2 99 0
3 99 0
4 99 0
5 99 0
6 99 0
99 99 0
1 100 0
2 100 0
3 100 0
4 100 0
5 100 0
6 100 0
100 100 0
1 101 0
2 101 0
3 101 0
4 101 0
5 101 0
6 101 0
101 101 0
1 102 0
2 102 0
3 102 0
4 102 0
5 102 0
6 102 0
102 102 0
1 103 0
2 103 0
3 103 0
4 103 0
5 103 0
6 103 0
103 103 0
1 104 0
2 104 0
3 104 0
4 104 0
5 104 0
6 104 0
104 104 0
1 105 0
2 105 0
3 105 0
4 105 0
5 105 0
6 105 0
105 105 0
1 106 0
2 106 0
3 106 0
4 106 0
5 106 0
6 106 0
106 106 0
1 107 0
2 107 0
3 107 0
4 107 0
5 107 0
6 107 0
107 107 0
1 108 0
2 108 0
3 108 0
4 108 0
5 108 0
6 108 0
108 108 0
1 109 0
2 109 0
3 109 0
4 109 0
5 109 0
6 109 0
109 109 0
1 110 0
2 110 0
3 110 0
4 110 0
5 110 0
6 110 0
110 110 0
1 111 0
2 111 0
3 111 0
4 111 0
5 111 0
6 111 0
111 111 0
1 112 0
2 112 0
3 112 0
4 112 0
5 112 0
6 112 0
112 112 0
1 113 0
2 113 0
3 113 0
4 113 0
5 113 0
6 113 0
113 113 0
1 114 0
2 114 0
3 114 0
4 114 0
5 114 0
6 114 0
114 114 0
1 115 0
2 115 0
3 115 0
4 115 0
5 115 0
6 115 0
115 115 0
1 116 0
2 116 0
3 116 0
4 116 0
5 116 0
6 116 0
116 116 0
1 117 0
2 117 0
3 117 0
4 117 0
5 117 0
6 117 0
117 117 0
1 118 0
2 118 0
3 118 0
4 118 0
5 118 0
6 118 0
118 118 0
1 119 0
2 119 0
3 119 0
4 119 0
5 119 0
6 119 0
119 119 0
1 120 0
2 120 0
3 120 0
4 120 0
5 120 0
6 120 0
120 120 0
1 121 0
2 121 0
3 121 0
4 121 0
5 121 0
6 121 0
121 121 0
1 122 0
2 122 0
3 122 0
4 122 0
5 122 0
6 122 0
122 122 0
1 123 0
2 123 0
3 123 0
4 123 0
5 123 0
6 123 0
123 123 0
1 124 0
2 124 0
3 124 0
4 124 0
5 124 0
6 124 0
124 124 0
1 125 0
2 125 0
3 125 0
4 125 0
5 125 0
6 125 0
125 125 0
1 126 0
2 126 0
3 126 0
4 126 0
5 126 0
6 126 0
126 126 0
1 127 0
2 127 0
3 127 0
4 127 0
5 127 0
6 127 0
127 127 0
1 128 0
2 128 0
3 128 0
4 128 0
5 128 0
6 128 0
128 128 0
1 129 0
2 129 0
3 129 0
4 129 0
5 129 0
6 129 0
129 129 0
1 130 0
2 130 0
3 130 0
4 130 0
5 130 0
6 130 0
130 130 0
1 131 0
2 131 0
3 131 0
4 131 0
5 131 0
6 131 0
131 131 0
1 132 0
2 132 0
3 132 0
4 132 0
5 132 0
6 132 0
132 132 0
1 133 0
2 133 0
3 133 0
4 133 0
5 133 0
6 133 0
133 133 0
1 134 0
2 134 0
3 134 0
4 134 0
5 134 0
6 134 0
134 134 0
1 135 0
2 135 0
3 135 0
4 135 0
5 135 0
6 135 0
135 135 0
1 136 0
2 136 0
3 136 0
4 136 0
5 136 0
6 136 0
136 136 0
1 137 0
2 137 0
3 137 0
4 137 0
5 137 0
6 137 0
137 137 0
1 138 0
2 138 0
3 138 0
4 138 0
5 138 0
6 138 0
138 138 0
1 139 0
2 139 0
3 139 0
4 139 0
5 139 0
6 139 0
139 139 0
1 140 0
2 140 0
3 140 0
4 140 0
5 140 0
6 140 0
140 140 0
1 141 0
2 141 0
3 141 0
4 141 0
5 141 0
6 141 0
141 141 0
1 142 0
2 142 0
3 142 0
4 142 0
5 142 0
6 142 0
142 142 0
1 143 0
2 143 0
3 143 0
4 143 0
5 143 0
6 143 0
143 143 0
1 144 0
2 144 0
3 144 0
4 144 0
5 144 0
6 144 0
144 144 0
1 145 0
2 145 0
3 145 0
4 145 0
5 145 0
6 145 0
145 145 0
1 146 0
2 146 0
3 146 0
4 146 0
5 146 0
6 146 0
146 146 0
1 147 0
2 147 0
3 147 0
4 147 0
5 147 0
6 147 0
147 147 0
1 148 0
2 148 0
3 148 0
4 148 0
5 148 0
6 148 0
148 148 0
1 149 0
2 149 0
3 149 0
4 149 0
5 149 0
6 149 0
149 149 0
1 150 0
2 150 0
3 150 0
4 150 0
5 150 0
6 150 0
150 150 0
1 151 0
2 151 0
3 151 0
4 151 0
5 151 0
6 151 0
151 151 0
1 152 0
2 152 0
3 152 0
4 152 0
5 152 0
6 152 0
152 152 0
1 153 0
2 153 0
3 153 0
4 153 0
5 153 0
6 153 0
153 153 0
1 154 0
2 154 0
3 154 0
4 154 0
5 154 0
6 154 0
154 154 0
1 155 0
2 155 0
3 155 0
4 155 0
5 155 0
6 155 0
155 155 0
1 156 0
2 156 0
3 156 0
4 156 0
5 156 0
6 156 0
156 156 0
1 157 0
2 157 0
3 157 0
4 157 0
5 157 0
6 157 0
157 157 0
1 158 0
2 158 0
3 158 0
4 158 0
5 158 0
6 158 0
158 158 0
1 159 0
2 159 0
3 159 0
4 159 0
5 159 0
6 159 0
159 159 0
1 160 0
2 160 0
3 160 0
4 160 0
5 160 0
6 160 0
160 160 0
1 161 0
2 161 0
3 161 0
4 161 0
5 161 0
6 161 0
161 161 0
1 162 0
2 162 0
3 162 0
4 162 0
5 162 0
6 162 0
162 162 0
1 163 0
2 163 0
3 163 0
4 163 0
5 163 0
6 163 0
163 163 0
1 164 0
2 164 0
3 164 0
4 164 0
5 164 0
6 164 0
164 164 0
1 165 0
2 165 0
3 165 0
4 165 0
5 165 0
6 165 0
165 165 0
1 166 0
2 166 0
3 166 0
4 166 0
5 166 0
6 166 0
166 166 0
1 167 0
2 167 0
3 167 0
4 167 0
5 167 0
6 167 0
167 167 0
1 168 0
2 168 0
3 168 0
4 168 0
5 168 0
6 168 0
168 168 0
1 169 0
2 169 0
3 169 0
4 169 0
5 169 0
6 169 0
169 169 0
1 170 0
2 170 0
3 170 0
4 170 0
5 170 0
6 170 0
170 170 0
1 171 0
2 171 0
3 171 0
4 171 0
5 171 0
6 171 0
171 171 0
1 172 0
2 172 0
3 172 0
4 172 0
5 172 0
6 172 0
172 172 0
1 173 0
2 173 0
3 173 0
4 173 0
5 173 0
6 173 0
173 173 0
1 174 0
2 174 0
3 174 0
4 174 0
5 174 0
6 174 0
174 174 0
1 175 0
2 175 0
3 175 0
4 175 0
5 175 0
6 175 0
175 175 0
1 176 0
2 176 0
3 176 0
4 176 0
5 176 0
6 176 0
176 176 0
1 177 0
2 177 0
3 177 0
4 177 0
5 177 0
6 177 0
177 177 0
1 178 0
2 178 0
3 178 0
4 178 0
5 178 0
6 178 0
178 178 0
1 179 0
2 179 0
3 179 0
4 179 0
5 179 0
6 179 0
179 179 0
1 180 0
2 180 0
3 180 0
4 180 0
5 180 0
6 180 0
180 180 0
1 181 0
2 181 0
3 181 0
4 181 0
5 181 0
6 181 0
181 181 0
1 182 0
2 182 0
3 182 0
4 182 0
5 182 0
6 182 0
182 182 0
1 183 0
2 183 0
3 183 0
4 183 0
5 183 0
6 183 0
183 183 0
1 184 0
2 184 0
3 184 0
4 184 0
5 184 0
6 184 0
184 184 0
1 185 0
2 185 0
3 185 0
4 185 0
5 185 0
6 185 0
185 185 0
1 186 0
2 186 0
3 186 0
4 186 0
5 186 0
6 186 0
186 186 0
1 187 0
2 187 0
3 187 0
4 187 0
5 187 0
6 187 0
187 187 0
1 188 0
2 188 0
3 188 0
4 188 0
5 188 0
6 188 0
188 188 0
1 189 0
2 189 0
3 189 0
4 189 0
5 189 0
6 189 0
189 189 0
1 190 0
2 190 0
3 190 0
4 190 0
5 190 0
6 190 0
190 190 0
1 191 0
2 191 0
3 191 0
4 191 0
5 191 0
6 191 0
191 191 0
1 192 0
2 192 0
3 192 0
4 192 0
5 192 0
6 192 0
192 192 0
1 193 0
2 193 0
3 193 0
4 193 0
5 193 0
6 193 0
193 193 0
1 194 0
2 194 0
3 194 0
4 194 0
5 194 0
6 194 0
194 194 0
1 195 0
2 195 0
3 195 0
4 195 0
5 195 0
6 195 0
195 195 0
1 196 0
2 196 0
3 196 0
4 196 0
5 196 0
6 196 0
196 196 0
1 197 0
2 197 0
3 197 0
4 197 0
5 197 0
6 197 0
197 197 0
1 198 0
2 198 0
3 198 0
4 198 0
5 198 0
6 198 0
198 198 0
1 199 0
2 199 0
3 199 0
4 199 0
5 199 0
6 199 0
199 199 0
1 200 0
2 200 0
3 200 0
4 200 0
5 200 0
6 200 0
200 200 0
1 201 0
2 201 0
3 201 0
4 201 0
5 201 0
6 201 0
201 201 0
1 202 0
2 202 0
3 202 0
4 202 0
5 202 0
6 202 0
202 202 0
1 203 0
2 203 0
3 203 0
4 203 0
5 203 0
6 203 0
203 203 0
1 204 0
2 204 0
3 204 0
4 204 0
5 204 0
6 204 0
204 204 0
1 205 0
2 205 0
3 205 0
4 205 0
5 205 0
6 205 0
205 205 0
1 206 0
2 206 0
3 206 0
4 206 0
5 206 0
6 206 0
206 206 0
1 207 0
2 207 0
3 207 0
4 207 0
5 207 0
6 207 0
207 207 0
1 208 0
2 208 0
3 208 0
4 208 0
5 208 0
6 208 0
208 208 0
1 209 0
2 209 0
3 209 0
4 209 0
5 209 0
6 209 0
209 209 0
1 210 0
2 210 0
3 210 0
4 210 0
5 210 0
6 210 0
210 210 0
1 211 0
2 211 0
3 211 0
4 211 0
5 211 0
6 211 0
211 211 0
1 212 0
2 212 0
3 212 0
4 212 0
5 212 0
6 212 0
212 212 0
1 213 0
2 213 0
3 213 0
4 213 0
5 213 0
6 213 0
213 213 0
1 214 0
2 214 0
3 214 0
4 214 0
5 214 0
6 214 0
214 214 0
1 215 0
2 215 0
3 215 0
4 215 0
5 215 0
6 215 0
215 215 0
1 216 0
2 216 0
3 216 0
4 216 0
5 216 0
6 216 0
216 216 0
1 217 0
2 217 0
3 217 0
4 217 0
5 217 0
6 217 0
217 217 0
1 218 0
2 218 0
3 218 0
4 218 0
5 218 0
6 218 0
218 218 0
1 219 0
2 219 0
3 219 0
4 219 0
5 219 0
6 219 0
219 219 0
1 220 0
2 220 0
3 220 0
4 220 0
5 220 0
6 220 0
220 220 0
1 221 0
2 221 0
3 221 0
4 221 0
5 221 0
6 221 0
221 221 0
1 222 0
2 222 0
3 222 0
4 222 0
5 222 0
6 222 0
222 222 0
